262 75 50
11 3 25
47 13 41
57 16 39
35 17 3
62 15 2
50 4 22
4 2 47
10 12 2
34 14 27
21 8 5
42 8 25
27 14 6
22 7 37
18 4 16
7 2 7
5 2 48
51 16 41
58 1 26
2 15 7
30 8 5
30 14 43
60 15 44
5 8 11
37 13 2
19 13 27
22 7 46
42 10 38
29 6 6
35 10 4
38 12 20
17 15 46
4 13 6
64 17 35
33 11 41
38 11 13
27 16 41
64 12 41
15 2 31
54 7 39
63 5 49
12 10 22
12 14 1
29 2 19
22 6 5
59 10 2
61 1 26
47 2 15
27 17 13
52 5 1
1 13 26
34 16 11
17 5 36
55 6 2
53 15 16
11 17 14
58 3 49
12 16 44
12 5 6
40 4 41
43 2 42
22 14 24
61 11 34
46 16 38
59 8 46
33 17 43
14 1 38
36 10 36
21 15 29
9 17 2
28 3 32
57 4 34
40 5 37
8 4 21
28 15 24
59 10 8
19 6 28
55 8 49
12 3 13
47 16 33
60 15 19
25 6 20
53 11 4
41 5 29
55 16 37
3 6 33
20 17 48
14 9 12
44 8 31
44 2 21
10 16 49
10 3 29
4 10 1
35 9 25
50 5 17
41 4 36
45 2 9
40 2 36
18 7 27
26 5 12
28 12 21
31 6 32
10 6 35
38 17 37
31 12 44
4 11 2
38 14 38
50 12 37
23 14 20
18 15 7
56 8 49
61 2 19
51 12 8
5 15 3
62 2 44
32 13 17
19 8 32
58 3 23
31 9 21
13 7 16
36 13 4
53 8 23
11 10 27
34 3 40
64 17 32
55 8 15
50 11 17
25 16 45
58 1 49
48 15 25
55 16 23
25 5 40
35 13 15
64 12 36
45 14 25
26 16 40
4 5 23
7 2 46
28 3 44
48 16 47
23 3 27
49 6 36
48 12 42
49 6 12
47 17 49
33 17 29
14 11 48
34 2 4
18 3 3
27 7 9
33 15 43
14 4 24
56 5 4
21 13 43
35 4 21
28 9 31
26 9 4
59 13 19
57 15 35
9 13 19
9 2 19
16 7 37
2 3 31
53 6 21
20 17 26
55 16 31
32 15 29
31 12 33
20 6 6
37 11 47
51 6 41
37 13 12
41 4 44
34 11 23
45 16 24
48 3 30
57 13 11
5 15 10
30 10 7
55 6 48
29 13 36
58 5 17
45 12 22
20 5 18
58 15 15
9 15 14
38 6 47
20 13 23
21 8 13
24 7 24
13 8 32
54 13 9
2 2 19
41 14 23
13 9 9
45 17 12
15 17 26
63 5 10
28 3 24
56 16 39
59 2 36
6 10 23
46 14 5
51 10 32
13 8 49
58 11 15
35 11 3
34 6 32
1 13 30
1 15 13
21 15 22
49 15 37
19 11 13
41 8 37
54 14 38
37 5 43
21 14 15
3 10 8
18 3 5
8 3 24
30 4 18
14 3 31
43 4 32
9 6 16
50 5 19
49 4 8
10 17 1
12 6 5
46 1 8
45 3 17
2 8 8
2 15 9
21 16 34
4 14 2
49 5 30
8 4 40
28 6 32
1 4 36
34 17 36
3 2 33
30 8 44
44 2 21
45 11 14
33 12 9
28 13 6
19 7 30
18 6 7
61 16 32
38 11 1
38 15 8
4 17 32
12 10 44
1 17 26
54 11 23
11 16 4
35 12 42
39 16 4
49 1 29
37 9 3
43 14 17
51 14 15
51 17 2
38 12 44
11 3 33
18 15 5
56 4 8
1 8 44
15 13 21
17 7 29
40 15 4
36 17 46
61 17 32
33 1 4
32 16 2
39 2 9
1 13 15
6 8 30
24 9 40
24 1 7
25 4 43
23 15 48
19 12 1
59 16 8
51 7 1
44 13 13
28 6 15
62 4 13
45 14 10
37 7 10
10 12 11
39 7 35
43 1 24
5 2 49
3 3 16
47 4 18
4 17 31
55 13 45
35 14 4
9 16 14
63 12 13
17 14 32
8 14 39
58 16 16
3 5 38
22 8 42
64 6 29
6 3 36
23 14 14
4 14 9
20 2 5
44 10 21
19 8 7
51 1 2
2 6 6
4 9 29
50 4 27
51 12 24
25 6 23
16 11 4
15 16 6
53 9 21
33 17 42
62 11 33
21 16 24
10 15 9
52 12 31
29 5 27
13 3 47
31 8 22
28 9 27
52 1 38
59 3 39
36 17 20
39 11 21
61 10 27
18 8 49
46 11 2
63 9 14
47 1 17
54 16 21
44 15 8
11 15 25
33 16 3
48 10 36
35 1 3
18 10 48
42 16 42
42 6 37
25 9 10
61 7 8
29 12 23
2 6 19
34 7 11
3 5 47
42 13 10
48 5 47
13 17 32
26 7 34
13 13 22
10 15 18
32 16 19
51 17 15
36 3 37
43 16 21
58 6 14
37 10 25
55 10 15
51 4 13
43 16 43
48 5 25
24 8 10
51 15 17
17 5 31
59 3 10
16 8 9
52 11 12
55 5 3
36 1 39
11 7 28
23 7 14
1 3 34
39 17 36
60 5 32
8 7 31
43 13 3
4 3 34
13 3 36
34 14 22
55 15 34
62 15 24
54 17 35
63 13 41
44 4 27
56 11 8
39 12 21
42 5 14
49 17 43
8 15 39
29 3 8
14 6 45
50 3 46
41 6 46
9 12 15
38 16 49
16 16 3
39 1 38
57 11 49
27 4 10
34 7 34
5 12 25
48 1 6
34 12 1
47 15 27
35 3 42
64 11 32
63 2 15
52 2 43
33 4 35
45 12 16
46 5 41
46 6 20
56 16 15
42 1 2
61 7 38
25 2 32
25 8 29
46 15 26
52 9 30
23 14 32
56 13 45
63 1 16
50 9 35
7 1 2
49 16 25
57 3 22
16 11 7
43 5 23
48 9 3
49 4 30
57 5 8
27 15 8
18 4 20
40 12 43
13 12 31
16 3 23
25 5 1
17 6 16
25 8 12
25 9 30
62 12 29
32 15 43
21 14 43
45 6 48
2 1 2
54 14 3
17 11 33
35 7 1
49 7 24
57 14 24
41 15 49
53 13 22
54 6 45
38 10 35
41 3 24
13 4 10
64 2 24
58 11 44
31 9 32
52 4 40
51 3 44
48 8 45
53 11 43
45 3 28
5 16 17
47 9 32
63 2 7
43 8 7
28 8 40
26 16 15
53 15 36
23 13 12
17 9 2
22 10 40
5 11 12
42 16 15
63 2 39
53 17 4
57 5 40
31 5 16
39 7 48
64 16 25
21 17 7
39 12 25
58 8 24
20 7 9
41 17 40
45 9 20
11 14 2
44 3 38
1 15 30
38 7 40
61 17 7
36 6 8
48 2 38
58 2 4
17 17 21
26 6 4
62 3 41
34 2 27
52 13 29
24 7 1
24 9 5
12 14 34
26 9 11
35 17 28
29 14 28
61 4 29
63 5 17
41 2 8
39 1 38
1 6 46
20 8 49
23 8 38
39 8 16
42 9 18
41 16 30
39 13 44
29 13 38
31 10 47
23 12 35
53 13 12
58 11 47
14 17 48
8 1 44
59 5 33
32 15 11
43 16 16
64 7 5
1 4 35
17 2 22
26 9 25
49 1 49
46 11 6
63 15 3
18 17 5
8 16 27
4 8 18
56 5 38
18 13 39
52 2 16
55 11 17
50 9 26
42 15 12
52 8 39
22 12 34
31 15 24
40 2 44
44 16 38
33 3 15
64 14 13
58 4 6
43 13 2
58 12 47
35 13 36
39 5 46
56 10 10
27 13 11
7 8 47
10 16 6
9 4 3
18 6 43
27 12 31
8 14 42
21 2 39
62 4 18
25 10 3
58 2 20
10 10 24
30 10 45
6 13 36
25 1 18
30 16 2
18 5 44
46 5 33
19 2 41
39 5 3
5 15 40
33 17 47
53 3 42
50 5 13
31 15 5
13 8 36
48 11 45
36 10 34
32 16 4
8 8 32
52 13 44
32 9 19
31 11 24
33 14 31
12 1 37
42 7 45
19 11 22
29 9 34
5 14 23
21 7 34
58 4 19
18 1 22
33 16 25
64 6 3
21 9 6
32 10 2
34 11 38
41 14 35
20 7 42
39 8 38
46 3 14
47 12 28
61 7 23
8 4 48
39 16 41
17 17 6
3 6 48
32 6 8
16 14 25
55 6 22
62 12 27
49 4 2
7 12 38
30 8 13
34 9 14
41 6 14
63 14 38
20 9 26
25 8 21
33 11 13
5 16 43
62 6 30
12 7 15
48 5 33
34 1 43
37 11 39
24 12 39
4 2 10
49 11 44
15 11 14
34 16 41
21 7 35
36 4 37
21 12 24
27 12 43
13 13 35
7 12 42
55 13 13
47 5 42
39 15 35
18 7 26
25 13 7
36 6 22
9 2 27
43 4 17
12 4 15
48 9 46
12 2 25
59 4 31
2 10 15
2 10 35
31 5 37
37 17 16
27 3 17
6 7 34
9 6 28
24 9 2
52 1 24
48 11 39
57 11 15
27 6 12
1 14 31
31 8 1
35 7 48
46 15 22
10 7 29
48 5 26
34 3 35
49 12 33
61 16 45
3 6 3
39 13 47
64 11 48
55 12 49
14 8 25
44 12 19
31 16 45
56 3 35
51 6 5
59 9 4
45 6 18
3 1 31
6 13 6
29 4 11
51 17 25
61 11 4
30 4 16
12 5 45
55 12 30
62 16 32
62 14 34
46 10 22
7 4 41
21 17 30
49 4 26
64 6 20
18 3 31
17 2 4
63 15 14
31 17 29
21 8 42
6 6 35
43 8 46
12 11 5
30 6 14
35 12 34
7 13 37
60 16 11
49 12 45
5 5 36
16 13 17
21 5 40
32 2 21
1 7 7
7 13 29
46 6 27
5 17 22
61 12 13
20 4 46
16 8 26
42 7 26
40 12 11
24 16 49
28 16 46
18 16 17
25 14 33
8 4 10
20 13 13
18 14 16
41 9 20
32 11 14
8 1 41
45 17 9
36 2 26
31 12 5
61 9 37
39 12 39
28 14 8
24 4 49
21 3 44
27 7 5
5 10 30
3 1 34
35 16 8
17 7 19
54 10 8
27 4 38
40 15 25
51 1 45
47 14 15
57 11 33
47 10 26
39 1 16
45 11 7
1 7 46
13 9 17
36 7 18
33 13 12
59 5 34
47 12 48
34 8 17
15 1 25
34 2 22
57 6 44
15 12 1
47 15 33
51 2 29
56 1 37
59 4 10
52 17 3
64 14 13
1 11 40
28 3 5
4 3 27
42 5 38
59 1 6
5 4 35
29 14 43
20 6 7
32 10 29
44 10 46
8 1 44
26 13 37
42 8 6
42 11 25
14 8 38
8 13 3
11 6 3
51 14 33
12 6 19
14 3 39
59 5 15
54 7 5
52 12 23
60 7 9
7 6 33
9 9 3
17 14 34
15 9 34
51 4 2
34 3 38
43 6 20
43 5 47
49 13 8
29 5 24
3 6 5
24 12 29
63 17 49
25 16 18
11 1 20
41 8 34
58 7 3
39 16 29
57 2 44
53 13 26
40 8 39
59 9 27
52 11 12
33 11 11
26 4 48
14 8 37
20 1 1
22 14 14
48 5 19
42 12 11
38 5 32
62 1 22
29 13 36
37 17 18
28 9 34
53 16 21
42 14 20
18 12 27
43 11 32
43 7 16
38 6 18
28 5 7
45 14 6
