81 12 72
49 7 17
60 5 22
30 9 8
64 10 2
21 11 1
67 1 7
9 10 14
32 3 47
55 1 18
75 6 6
75 3 1
67 6 5
4 4 20
35 10 45
55 2 45
48 5 5
8 10 10
65 2 25
25 12 19
52 8 41
32 1 10
21 8 23
44 4 34
65 6 30
71 12 18
19 6 48
7 8 1
2 2 41
75 3 30
65 11 11
39 7 6
40 10 46
32 4 19
75 10 23
43 7 48
36 2 2
29 5 49
81 10 5
68 12 11
24 10 12
37 2 47
64 7 11
28 6 6
6 8 6
21 1 11
28 7 3
67 10 32
72 11 36
57 7 25
78 4 15
17 2 1
41 5 25
16 5 16
68 5 5
1 3 17
24 3 6
76 9 25
66 8 41
60 11 22
57 2 12
60 9 21
43 9 15
18 4 29
8 12 44
73 5 16
77 5 41
68 7 48
74 10 38
20 7 9
52 8 13
72 1 36
14 3 18
