22 97 73
7 69 7
6 2 33
11 40 25
12 26 44
2 52 26
1 67 6
16 95 39
13 10 42
8 13 16
18 6 9
20 19 43
8 71 7
6 75 20
1 87 42
12 81 24
11 67 2
19 84 25
10 10 16
17 93 28
15 17 15
21 17 7
19 93 29
15 52 22
14 54 30
20 3 37
15 75 41
9 49 26
8 27 20
12 6 20
5 68 33
11 9 48
8 42 32
12 91 17
12 33 26
1 29 41
15 22 28
11 12 34
14 77 37
16 76 21
18 38 21
16 40 41
14 2 40
7 20 9
4 44 38
13 65 37
1 58 16
10 50 21
19 47 9
4 84 15
16 43 43
14 16 1
15 32 25
12 79 28
21 3 10
13 54 42
1 23 21
8 7 33
16 74 6
12 96 37
8 45 3
13 45 19
20 79 5
16 14 26
13 55 17
12 69 7
17 84 10
16 39 7
4 78 25
14 93 1
4 35 47
15 17 1
17 48 14
17 2 40
