250 125 100
164 15 2
190 36 16
58 18 48
27 87 48
229 70 6
152 55 3
8 12 14
60 65 39
7 72 13
184 84 45
140 54 15
115 76 18
208 112 1
195 104 11
179 55 22
72 20 14
246 98 22
27 12 25
25 46 23
155 34 3
187 59 35
32 119 25
21 71 19
213 81 40
227 111 24
148 25 46
18 6 43
59 99 19
21 110 15
222 13 25
72 59 41
214 47 11
95 46 14
172 35 45
240 88 42
19 78 41
44 69 47
63 21 30
98 35 41
177 72 15
176 42 4
59 106 3
207 41 26
69 9 14
234 121 37
225 92 21
55 84 32
102 114 42
118 19 17
36 32 48
144 69 17
192 75 28
230 75 26
93 29 9
131 64 6
194 7 8
40 81 11
203 88 28
153 9 25
98 77 30
136 33 36
221 121 1
175 93 8
175 114 35
193 35 42
88 15 19
112 21 30
1 123 47
225 93 17
249 65 49
46 65 7
223 81 20
216 82 33
156 26 10
96 98 11
139 123 34
236 1 39
83 63 2
29 119 24
225 107 20
62 8 16
225 73 6
22 94 32
209 9 49
137 99 9
33 85 31
243 71 11
68 68 39
109 124 14
238 70 49
187 89 13
183 40 26
172 84 24
113 116 34
116 16 16
58 9 22
6 76 36
59 76 15
2 10 46
162 8 15
