250 125 100
82 8 2
95 18 16
29 9 48
14 44 48
115 35 6
76 28 3
4 6 14
30 33 39
4 36 13
92 42 45
70 27 15
58 38 18
104 56 1
98 52 11
90 28 22
36 10 14
123 49 22
14 6 25
13 23 23
78 17 3
94 30 35
16 60 25
11 36 19
107 41 40
114 56 24
74 13 46
9 3 43
30 50 19
11 55 15
111 7 25
36 30 41
107 24 11
48 23 14
86 18 45
120 44 42
10 39 41
22 35 47
32 11 30
49 18 41
89 36 15
88 21 4
30 53 3
104 21 26
35 5 14
117 61 37
113 46 21
28 42 32
51 57 42
59 10 17
18 16 48
72 35 17
96 38 28
115 38 26
47 15 9
66 32 6
97 4 8
20 41 11
102 44 28
77 5 25
49 39 30
68 17 36
111 61 1
88 47 8
88 57 35
97 18 42
44 8 19
56 11 30
1 62 47
113 47 17
65 49 12
65 59 7
112 41 20
108 41 33
78 13 10
48 49 11
70 62 34
118 1 39
42 32 2
15 60 24
113 54 20
31 4 16
113 37 6
11 47 32
105 5 49
69 50 9
17 43 31
122 36 11
34 34 39
55 62 14
119 35 49
94 45 13
92 20 26
86 42 24
57 58 34
58 8 16
29 5 22
3 38 36
30 38 15
1 5 46
81 4 15
