250 125 100
41 4 2
48 9 16
15 5 48
7 22 48
58 18 6
38 14 3
2 3 14
15 17 39
2 18 13
46 21 45
35 14 15
29 19 18
52 28 1
49 26 11
45 14 22
18 5 14
62 25 22
7 3 25
7 12 23
39 9 3
47 15 35
8 30 25
6 18 19
54 21 40
57 28 24
37 7 46
5 2 43
15 25 19
6 28 15
56 4 25
18 15 41
54 12 11
24 12 14
43 9 45
60 22 42
5 20 41
11 18 47
16 6 30
25 9 41
45 18 15
44 11 4
15 27 3
52 11 26
18 3 14
59 31 37
57 23 21
14 21 32
26 29 42
30 5 17
9 8 48
36 18 17
48 19 28
58 19 26
24 8 9
33 16 6
49 2 8
10 21 11
51 22 28
39 3 25
25 20 30
34 9 36
56 31 1
44 24 8
44 29 35
49 9 42
22 4 19
28 6 30
1 31 47
57 24 17
33 25 12
33 30 7
56 21 20
54 21 33
39 7 10
24 25 11
35 31 34
59 1 39
21 16 2
8 30 24
57 27 20
16 2 16
57 19 6
6 24 32
53 3 49
35 25 9
9 22 31
61 18 11
17 17 39
28 31 14
60 18 49
47 23 13
46 10 26
43 21 24
29 29 34
29 4 16
15 3 22
2 19 36
15 19 15
1 3 46
41 2 15
