250 125 100
21 2 2
24 5 16
8 3 48
4 11 48
29 9 6
19 7 3
1 2 14
8 9 39
1 9 13
23 11 45
18 7 15
15 10 18
26 14 1
25 13 11
23 7 22
9 3 14
31 13 22
4 2 25
4 6 23
20 5 3
24 8 35
4 15 25
3 9 19
27 11 40
29 14 24
19 4 46
3 1 43
8 13 19
3 14 15
28 2 25
9 8 41
27 6 11
12 6 14
22 5 45
30 11 42
3 10 41
6 9 47
8 3 30
13 5 41
23 9 15
22 6 4
8 14 3
26 6 26
9 2 14
30 10 46
11 4 42
16 7 42
15 3 17
5 4 48
18 9 17
24 10 28
29 10 26
12 4 9
17 8 6
25 1 8
5 11 11
26 11 28
20 2 25
13 10 30
17 5 36
28 1 44
24 2 44
29 9 49
9 13 42
11 2 19
14 3 30
1 12 47
9 9 49
6 9 7
28 11 20
27 11 33
20 4 10
12 13 11
18 13 34
30 1 39
11 8 2
4 15 24
29 14 20
8 1 16
29 10 6
3 12 32
27 2 49
18 13 9
5 11 31
31 9 11
9 9 39
14 4 35
25 12 45
7 12 20
13 11 42
12 8 34
15 2 16
8 2 22
1 10 36
8 10 15
1 2 46
21 1 15
3 15 3
28 6 5
17 4 18
