250 125 100
11 1 2
12 3 16
4 2 48
2 6 48
15 5 6
10 4 3
1 1 14
4 5 39
1 5 13
12 6 45
9 4 15
8 5 18
13 7 1
13 7 11
12 4 22
5 2 14
13 3 7
2 4 7
6 7 23
10 3 3
12 4 35
2 4 6
9 3 41
10 7 24
10 2 46
2 1 43
4 7 19
2 7 15
14 1 25
5 4 41
14 3 11
6 3 14
11 3 45
15 6 42
2 5 41
3 5 47
4 2 30
7 3 41
12 5 15
11 3 4
4 7 3
13 3 26
5 1 14
15 5 46
6 2 42
8 4 42
8 2 17
3 2 48
9 5 17
12 5 28
15 5 26
6 2 9
9 4 6
13 1 8
3 6 11
13 6 28
10 1 25
7 5 30
9 3 36
14 1 44
12 1 44
15 5 49
5 7 42
6 1 19
7 2 30
1 6 47
5 5 49
3 5 7
14 6 20
14 6 33
10 2 10
6 7 11
9 7 34
15 1 39
6 4 2
2 3 20
4 1 16
15 5 6
2 6 32
14 1 49
9 7 9
3 6 31
9 2 17
9 7 39
7 2 35
13 6 45
4 6 20
7 6 42
6 4 34
8 1 16
4 1 22
1 5 36
4 5 15
1 1 46
11 1 15
2 1 22
2 5 16
5 6 32
4 5 9
12 5 37
