250 125 100
6 1 2
6 2 16
2 1 48
1 3 48
5 1 38
4 1 2
1 1 15
5 3 2
5 1 46
6 3 35
4 1 29
5 2 1
7 1 45
4 2 18
2 1 49
3 1 6
4 1 23
7 2 39
3 1 47
4 3 8
4 1 36
3 3 40
7 2 37
2 3 5
1 3 15
7 2 6
7 1 7
4 2 30
6 2 11
3 2 14
6 2 45
6 3 5
5 3 11
5 3 16
2 2 25
3 3 45
5 1 44
3 1 15
7 1 21
4 2 5
2 3 46
3 1 42
4 2 42
4 1 17
2 1 48
5 3 17
6 3 28
5 2 24
2 1 33
4 1 49
1 1 10
6 1 44
4 3 5
4 2 39
4 3 17
5 1 44
6 1 44
5 2 42
3 1 19
4 1 30
1 3 47
3 3 49
2 3 7
7 3 20
7 3 33
5 1 10
3 1 35
7 3 1
5 2 32
1 1 24
7 2 16
1 1 37
1 1 47
4 1 49
5 1 9
6 2 36
2 2 34
7 3 28
2 3 49
6 3 13
6 2 26
6 3 24
4 3 29
1 1 15
1 2 2
5 3 15
5 1 1
1 3 41
1 1 5
1 2 5
5 1 18
6 2 14
5 1 47
5 3 31
2 2 27
2 1 7
6 2 23
4 2 30
7 3 4
6 3 42
